0.000000
0.011139
0.022089
0.032666
0.042688
0.051982
0.060381
0.067735
0.073902
0.078761
0.082205
0.084150
0.084533
0.083314
0.080478
0.076039
0.070033
0.062528
0.053618
0.043424
0.032095
0.019804
0.006747
-0.006855
-0.020767
-0.034736
-0.048500
-0.061787
-0.074324
-0.085843
-0.096079
-0.104785
-0.111730
-0.116709
-0.119543
-0.120091
-0.118250
-0.113957
-0.107199
-0.098009
-0.086471
-0.072719
-0.056939
-0.039364
-0.020277
0.000000
0.021104
0.042641
0.064191
0.085315
0.105565
0.124492
0.141655
0.156633
0.169029
0.178487
0.184695
0.187397
0.186396
0.181570
0.172866
0.160311
0.144016
0.124170
0.101045
0.074992
0.046435
0.015867
-0.016158
-0.049038
-0.082128
-0.114757
-0.146238
-0.175884
-0.203022
-0.227007
-0.247236
-0.263166
-0.274322
-0.280313
-0.280841
-0.275712
-0.264845
-0.248272
-0.226146
-0.198740
-0.166445
-0.129764
-0.089311
-0.045791
0.000000
0.047199
0.094886
0.142104
0.187877
0.231229
0.271208
0.306901
0.337460
0.362118
0.380206
0.391174
0.394603
0.390216
0.377891
0.357665
0.329736
0.294469
0.252387
0.204166
0.150626
0.092714
0.031493
-0.031881
-0.096180
-0.160127
-0.222422
-0.281769
-0.336899
-0.386601
-0.429749
-0.465321
-0.492430
-0.510338
-0.518481
-0.516481
-0.504158
-0.481536
-0.448853
-0.406552
-0.355284
-0.295895
-0.229410
-0.157024
-0.080068
0.000000
0.081636
0.163234
0.243156
0.319769
0.391474
0.456745
0.514159
0.562421
0.600403
0.627163
0.641968
0.644317
0.633949
0.610856
0.575287
0.527747
0.468990
0.400008
0.322014
0.236425
0.144829
0.048962
-0.049331
-0.148124
-0.245456
-0.339367
-0.427934
-0.509319
-0.581797
-0.643803
-0.693958
-0.731102
-0.754323
-0.762973
-0.756692
-0.735412
-0.699365
-0.649083
-0.585391
-0.509388
-0.422439
-0.326141
-0.222295
-0.112879
0.000001
0.114139
0.227287
0.337189
0.441629
0.538479
0.625737
0.701578
0.764382
0.812775
0.845660
0.862234
0.862017
0.844858
0.810941
0.760789
0.695253
0.615495
0.522977
0.419420
0.306786
0.187230
0.063060
-0.063299
-0.189369
-0.312652
-0.430690
-0.541115
-0.641689
-0.730358
-0.805290
-0.864915
-0.907958
-0.933465
-0.940826
-0.929789
-0.900463
-0.853326
-0.789211
-0.709291
-0.615063
-0.508313
-0.391087
-0.265648
-0.134431
-0.000001
0.135008
0.267931
0.396143
0.517093
0.628373
0.727751
0.813227
0.883072
0.935859
0.970493
0.986239
0.982737
0.960003
0.918436
0.858812
0.782265
0.690267
0.584599
0.467315
0.340710
0.207260
0.069582
-0.069619
-0.207608
-0.341661
-0.469141
-0.587534
-0.694506
-0.787950
-0.866018
-0.927176
-0.970220
-0.994306
-0.998965
-0.984114
-0.950057
-0.897475
-0.827416
-0.741279
-0.640773
-0.527891
-0.404870
-0.274141
-0.138292
0.000000
0.138013
0.273035
0.402423
0.523640
0.634329
0.732342
0.815788
0.883073
0.932920
0.964407
0.976978
0.970450
0.945021
0.901263
0.840104
0.762818
0.670990
0.566481
0.451408
0.328076
0.198945
0.066577
-0.066406
-0.197394
-0.323825
-0.443242
-0.553342
-0.652012
-0.737384
-0.807864
-0.862159
-0.899307
-0.918688
-0.920039
-0.903458
-0.869392
-0.818633
-0.752300
-0.671809
-0.578845
-0.475330
-0.363373
-0.245245
-0.123313
-0.000001
0.122263
0.241081
0.354155
0.459315
0.554570
0.638144
0.708498
0.764382
0.804837
0.829220
0.837213
0.828824
0.804386
0.764546
0.710249
0.642714
0.563414
0.474035
0.376445
0.272652
0.164762
0.054948
-0.054615
-0.161778
-0.264468
-0.360726
-0.448738
-0.526883
-0.593753
-0.648184
-0.689269
-0.716381
-0.729177
-0.727602
-0.711887
-0.682541
-0.640333
-0.586278
-0.521612
-0.447759
-0.366312
-0.278984
-0.187581
-0.093962
0.000001
0.092451
0.181598
0.265743
0.343316
0.412901
0.473263
0.523372
0.562421
0.589833
0.605275
0.608654
0.600123
0.580064
0.549084
0.507995
0.457797
0.399648
0.334847
0.264794
0.190976
0.114918
0.038162
-0.037766
-0.111391
-0.181306
-0.246214
-0.304941
-0.356462
-0.399920
-0.434628
-0.460098
-0.476031
-0.482328
-0.479082
-0.466574
-0.445266
-0.415781
-0.378894
-0.335509
-0.286637
-0.233376
-0.176884
-0.118354
-0.058996
0.000000
0.057478
0.112341
0.163575
0.210260
0.251595
0.286907
0.315658
0.337460
0.352071
0.359401
0.359510
0.352597
0.338999
0.319177
0.293704
0.263249
0.228561
0.190451
0.149779
0.107427
0.064283
0.021227
-0.020890
-0.061265
-0.099152
-0.133880
-0.164864
-0.191610
-0.213727
-0.230928
-0.243038
-0.249986
-0.251808
-0.248643
-0.240725
-0.228374
-0.211990
-0.192038
-0.169040
-0.143560
-0.116191
-0.087542
-0.058228
-0.028853
-0.000000
0.027780
0.053978
0.078135
0.099852
0.118792
0.134688
0.147343
0.156633
0.162504
0.164975
0.164129
0.160113
0.153131
0.143435
0.131324
0.117128
0.101209
0.083942
0.065720
0.046934
0.027969
0.009200
-0.009020
-0.026361
-0.042525
-0.057249
-0.070308
-0.081519
-0.090740
-0.097873
-0.102864
-0.105700
-0.106408
-0.105054
-0.101738
-0.096592
-0.089776
-0.081472
-0.071883
-0.061225
-0.049727
-0.037622
-0.025144
-0.012528
-0.000000
0.012219
0.023925
0.034924
0.045042
0.054124
0.062033
0.068656
0.073902
0.077704
0.080017
0.080820
0.080115
0.077927
0.074304
0.069312
0.063041
